10 9
20 18
30 26
40 34
50 43
60 51
70 56
80 64
90 70
100 78
110 85
120 89
130 96
140 100
150 108
160 116
170 122
180 129
190 138
200 145
210 148
220 155
230 158
240 162
250 169
260 176
270 184
280 190
290 196
300 204
310 212
320 216
330 224
340 232
350 240
360 247
370 252
380 257
390 264
400 271
410 276
420 280
430 284
440 290
450 291
460 298
470 305
480 311
490 316
500 319
510 325
520 329
530 330
540 333
550 337
560 344
570 352
580 361
590 362
600 367
610 370
620 374
630 381
640 390
650 398
660 405
670 409
680 411
690 420
700 426
710 427
720 433
730 436
740 439
750 443
760 446
770 449
780 452
790 455
800 461
810 468
820 474
830 479
840 483
850 486
860 490
870 499
880 504
890 510
900 513
910 516
920 522
930 528
940 531
950 533
960 536
970 543
980 546
990 551
1000 555
1010 561
1020 561
1030 564
1040 570
1050 580
1060 581
1070 586
1080 590
1090 598
1100 601
1110 602
1120 604
1130 606
1140 610
1150 617
1160 620
1170 623
1180 626
1190 627
1200 631
1210 631
1220 635
1230 637
1240 643
1250 645
1260 649
1270 652
1280 657
1290 663
1300 663
1310 667
1320 673
1330 679
1340 684
1350 685
1360 686
1370 688
1380 692
1390 694
1400 697
1410 702
1420 707
1430 710
1440 714
1450 718
1460 722
1470 728
1480 731
1490 734
1500 738
1510 745
1520 751
1530 752
1540 756
1550 762
1560 768
1570 769
1580 773
1590 780
1591 781